\begin{table*}
    \centering
    \setlength{\tabcolsep}{0pt} % Default value: 6pt
    
    \begin{tabular*}{0.8\textwidth}{@{\extracolsep{\fill}}cccc}
        \toprule
        {} &  Pairwise Distance  &  Same Industry \\
        \midrule
        \textbf{Price}       & -0.0309 & 0.0456 \\
        \textbf{Return}      &  0.0480 & \textbf{0.1876} \\
        \textbf{Normalized}  &  0.0496 & 0.1195 \\
        \textbf{Residuals}   &  \textbf{0.0497} & 0.1213 \\
        \bottomrule
    \end{tabular*}
    
    \captionsetup{singlelinecheck=off}
    \caption[foo bar]{Kendall's $\tau$ or the \emph{Pairwise Distance} and the heuristic \emph{Same Industry}, compared with the stock correlation based on the data from intermediate preprocessing steps: \begin{enumerate*}[label=(\roman*)]
        \item original price
        \item intraday returns
        \item industry-wise normalized returns
        \item residuals from autoregressive models
    \end{enumerate*}.}
    \label{table:corr-stock-tau}
\end{table*}


% {} &  Distance &   Price &  Return &  Normalized &  Residuals &  Industry \\
% \midrule
% \textbf{Distance}    &  1.0000 & -0.0309 &  0.0480 & 0.0496 & 0.0497 &    0.1435 \\
% \textbf{Price}       & -0.0309 &  1.0000 &  0.1127 & 0.0186 & 0.0176 &    0.0456 \\
% \textbf{Return}      &  0.0480 &  0.1127 &  1.0000 & 0.0570 & 0.0564 &    0.1876 \\
% \textbf{Normalized}  &  0.0496 &  0.0186 &  0.0570 & 1.0000 & 0.8735 &    0.1195 \\
% \textbf{Residuals}   &  0.0497 &  0.0176 &  0.0564 & 0.8735 & 1.0000 &    0.1213 \\
% \textbf{Industry}    &  0.1435 &  0.0456 &  0.1876 & 0.1195 & 0.1213 &    1.0000 \\